image: mymap.pgm
resolution: 0.050000
origin: [-60.024998, -60.024998, 0.000000]
negate: 0
occupied_thresh: 0.65
free_thresh: 0.196

